[
    [
        0.9999998807907104,
        0.6623824238777161,
        0.5951337218284607,
        0.5655117034912109,
        0.7192112803459167,
        0.5973045825958252,
        0.6541050672531128,
        0.609186589717865,
        0.7271910905838013,
        0.5057035088539124,
        0.5878491997718811,
        0.598076581954956,
        0.5739879608154297,
        0.5729602575302124,
        0.5334163904190063,
        0.538112998008728,
        0.604594349861145,
        0.6726528406143188,
        0.5903124809265137,
        0.7524710893630981,
        0.640987753868103,
        0.5526699423789978,
        0.7285149693489075,
        0.6707863807678223,
        0.7811757922172546,
        0.6582232713699341,
        0.6260865926742554,
        0.6136184930801392,
        0.6707863807678223,
        0.7811757922172546,
        0.6582232713699341,
        0.6260865926742554,
        0.6136184930801392,
        0.6009663939476013,
        0.7524710893630981,
        0.7714318633079529,
        0.5582398176193237,
        0.6024516224861145,
        0.5859776735305786,
        0.6301602721214294,
        0.7532914876937866,
        0.5731064677238464,
        0.5588065981864929,
        0.5958871245384216,
        0.5567925572395325,
        0.6057883501052856,
        0.6182560920715332,
        0.7324860692024231,
        0.5947079658508301,
        0.5633759498596191
    ],
    [
        0.6623824238777161,
        1.0000001192092896,
        0.6849879026412964,
        0.7533910274505615,
        0.5070980191230774,
        0.7807656526565552,
        0.7082762718200684,
        0.7216694355010986,
        0.6208997368812561,
        0.7680010199546814,
        0.7496459484100342,
        0.8309640884399414,
        0.6850206255912781,
        0.5877474546432495,
        0.7152961492538452,
        0.6935970187187195,
        0.7503637671470642,
        0.824485182762146,
        0.8030168414115906,
        0.734404981136322,
        0.8138203620910645,
        0.7729945182800293,
        0.6416721343994141,
        0.8169878125190735,
        0.6872174143791199,
        0.6479689478874207,
        0.7974987030029297,
        0.8042226433753967,
        0.8169878125190735,
        0.6872174143791199,
        0.6479689478874207,
        0.7974987030029297,
        0.8042226433753967,
        0.8412585258483887,
        0.734404981136322,
        0.8410263657569885,
        0.6651610732078552,
        0.5820252299308777,
        0.7563390135765076,
        0.6570386290550232,
        0.7612095475196838,
        0.6421189308166504,
        0.8082990646362305,
        0.7081725001335144,
        0.7348000407218933,
        0.7845794558525085,
        0.7204382419586182,
        0.8329231142997742,
        0.676331639289856,
        0.8016548156738281
    ],
    [
        0.5951337218284607,
        0.6849879026412964,
        1.0,
        0.624254584312439,
        0.4341762661933899,
        0.6889166235923767,
        0.5977872014045715,
        0.6370766758918762,
        0.5327972769737244,
        0.5978007316589355,
        0.5607464909553528,
        0.6356757283210754,
        0.49306732416152954,
        0.4687214493751526,
        0.4662112593650818,
        0.6006761789321899,
        0.5781470537185669,
        0.8051873445510864,
        0.7453606128692627,
        0.7191678285598755,
        0.5991840958595276,
        0.6511690616607666,
        0.5845105648040771,
        0.7428722977638245,
        0.6416375637054443,
        0.5152206420898438,
        0.7624084949493408,
        0.6736952066421509,
        0.7428722977638245,
        0.6416375637054443,
        0.5152206420898438,
        0.7624084949493408,
        0.6736952066421509,
        0.6889489889144897,
        0.7191678285598755,
        0.603517472743988,
        0.47274965047836304,
        0.5765809416770935,
        0.6203420758247375,
        0.6699432730674744,
        0.6559537649154663,
        0.6159563064575195,
        0.6767941117286682,
        0.9430246353149414,
        0.6101422905921936,
        0.5907524228096008,
        0.6067312359809875,
        0.7227462530136108,
        0.7955703139305115,
        0.7962259650230408
    ],
    [
        0.5655117034912109,
        0.7533910274505615,
        0.624254584312439,
        1.0,
        0.5333017110824585,
        0.7602224349975586,
        0.737428605556488,
        0.7834906578063965,
        0.6310651302337646,
        0.6907304525375366,
        0.7136573195457458,
        0.796122670173645,
        0.672619104385376,
        0.5873150825500488,
        0.6581929326057434,
        0.6482680439949036,
        0.760810375213623,
        0.7227309942245483,
        0.7455476522445679,
        0.6905394792556763,
        0.7424695491790771,
        0.769482433795929,
        0.5447229146957397,
        0.7690932750701904,
        0.6218710541725159,
        0.6060632467269897,
        0.759320855140686,
        0.7008916139602661,
        0.7690932750701904,
        0.6218710541725159,
        0.6060632467269897,
        0.759320855140686,
        0.7008916139602661,
        0.7880589962005615,
        0.6905394792556763,
        0.7139742970466614,
        0.7145534157752991,
        0.6177152395248413,
        0.7086930871009827,
        0.6401448249816895,
        0.7360007762908936,
        0.7694149613380432,
        0.7729008793830872,
        0.6332688331604004,
        0.7063464522361755,
        0.7292758822441101,
        0.6967610716819763,
        0.7330683469772339,
        0.6542496681213379,
        0.706332802772522
    ],
    [
        0.7192112803459167,
        0.5070980191230774,
        0.4341762661933899,
        0.5333017110824585,
        1.0000001192092896,
        0.5326233506202698,
        0.5687865018844604,
        0.5541912913322449,
        0.6043522357940674,
        0.44234564900398254,
        0.5039114952087402,
        0.587189793586731,
        0.5729256272315979,
        0.5346501469612122,
        0.4815942645072937,
        0.48084336519241333,
        0.5062728524208069,
        0.5438682436943054,
        0.5110297203063965,
        0.6423393487930298,
        0.5942952036857605,
        0.4868532121181488,
        0.6302267909049988,
        0.5906363129615784,
        0.6722893714904785,
        0.5052079558372498,
        0.5069159269332886,
        0.5016650557518005,
        0.5906363129615784,
        0.6722893714904785,
        0.5052079558372498,
        0.5069159269332886,
        0.5016650557518005,
        0.5251478552818298,
        0.6423393487930298,
        0.6445670127868652,
        0.5477516651153564,
        0.522548496723175,
        0.4948803186416626,
        0.5757526159286499,
        0.6641566753387451,
        0.6038953065872192,
        0.4914082884788513,
        0.43530339002609253,
        0.4875287413597107,
        0.5442771315574646,
        0.5868658423423767,
        0.622566819190979,
        0.47235816717147827,
        0.41089606285095215
    ],
    [
        0.5973045825958252,
        0.7807656526565552,
        0.6889166235923767,
        0.7602224349975586,
        0.5326233506202698,
        1.0,
        0.6975348591804504,
        0.6893807053565979,
        0.5975833535194397,
        0.7318892478942871,
        0.6189057230949402,
        0.7624468803405762,
        0.6723694205284119,
        0.5549378991127014,
        0.6526802778244019,
        0.719032883644104,
        0.6793524622917175,
        0.7855310440063477,
        0.7340792417526245,
        0.7198763489723206,
        0.779438853263855,
        0.7671844959259033,
        0.5576930046081543,
        0.7945093512535095,
        0.635959804058075,
        0.619553804397583,
        0.7752206325531006,
        0.8219870924949646,
        0.7945093512535095,
        0.635959804058075,
        0.619553804397583,
        0.7752206325531006,
        0.8219870924949646,
        0.8265042901039124,
        0.7198763489723206,
        0.739396870136261,
        0.6450546979904175,
        0.6413975358009338,
        0.6795509457588196,
        0.7226507663726807,
        0.726786732673645,
        0.6790186166763306,
        0.7789800763130188,
        0.6649905443191528,
        0.7532250285148621,
        0.747571587562561,
        0.7080408930778503,
        0.7707116603851318,
        0.7266209125518799,
        0.7653942704200745
    ],
    [
        0.6541050672531128,
        0.7082762718200684,
        0.5977872014045715,
        0.737428605556488,
        0.5687865018844604,
        0.6975348591804504,
        0.9999999403953552,
        0.7501166462898254,
        0.7126472592353821,
        0.6293902397155762,
        0.7397675514221191,
        0.8008880019187927,
        0.5825982093811035,
        0.5974778532981873,
        0.6715919375419617,
        0.6651424765586853,
        0.6896121501922607,
        0.6956263780593872,
        0.6905956268310547,
        0.6677911281585693,
        0.7023476958274841,
        0.7013871669769287,
        0.6351161003112793,
        0.7333695888519287,
        0.6650232672691345,
        0.6057292222976685,
        0.7643364071846008,
        0.6375933289527893,
        0.7333695888519287,
        0.6650232672691345,
        0.6057292222976685,
        0.7643364071846008,
        0.6375933289527893,
        0.7465000152587891,
        0.6677911281585693,
        0.7308474779129028,
        0.6437734365463257,
        0.5681710243225098,
        0.620050847530365,
        0.6349719166755676,
        0.7001452445983887,
        0.6630992889404297,
        0.7449941635131836,
        0.6393921375274658,
        0.6791158318519592,
        0.6946154236793518,
        0.687326967716217,
        0.7852044105529785,
        0.6402254104614258,
        0.6882726550102234
    ],
    [
        0.609186589717865,
        0.7216694355010986,
        0.6370766758918762,
        0.7834906578063965,
        0.5541912913322449,
        0.6893807053565979,
        0.7501166462898254,
        1.0000001192092896,
        0.6496397852897644,
        0.6646357774734497,
        0.7211683988571167,
        0.8022458553314209,
        0.6603604555130005,
        0.5784655213356018,
        0.643136203289032,
        0.6616632342338562,
        0.6466971039772034,
        0.7265579104423523,
        0.7423657178878784,
        0.7133405208587646,
        0.7351968288421631,
        0.749100923538208,
        0.582294762134552,
        0.7674159407615662,
        0.6297077536582947,
        0.6497765779495239,
        0.7444635629653931,
        0.6834484338760376,
        0.7674159407615662,
        0.6297077536582947,
        0.6497765779495239,
        0.7444635629653931,
        0.6834484338760376,
        0.715406596660614,
        0.7133405208587646,
        0.7353238463401794,
        0.6936228275299072,
        0.5816878080368042,
        0.6325871348381042,
        0.7254152297973633,
        0.7106279134750366,
        0.7397511005401611,
        0.7902764081954956,
        0.6782936453819275,
        0.7253482937812805,
        0.7680076360702515,
        0.6810610890388489,
        0.7640765309333801,
        0.7225149869918823,
        0.7235332727432251
    ],
    [
        0.7271910905838013,
        0.6208997368812561,
        0.5327972769737244,
        0.6310651302337646,
        0.6043522357940674,
        0.5975833535194397,
        0.7126472592353821,
        0.6496397852897644,
        1.0,
        0.517993688583374,
        0.6260668039321899,
        0.6308708190917969,
        0.5398910045623779,
        0.6123062372207642,
        0.5612891912460327,
        0.5401983857154846,
        0.6053900122642517,
        0.6408244967460632,
        0.5981913805007935,
        0.6919866800308228,
        0.6454036831855774,
        0.6457703113555908,
        0.669950008392334,
        0.6083369255065918,
        0.7050604820251465,
        0.6121810674667358,
        0.6506155133247375,
        0.6097006797790527,
        0.6083369255065918,
        0.7050604820251465,
        0.6121810674667358,
        0.6506155133247375,
        0.6097006797790527,
        0.6229550838470459,
        0.6919866800308228,
        0.7100630402565002,
        0.545866847038269,
        0.5744051933288574,
        0.5756930112838745,
        0.5541892647743225,
        0.716447114944458,
        0.5657913088798523,
        0.59996497631073,
        0.5449930429458618,
        0.5856087803840637,
        0.6243995428085327,
        0.5715038180351257,
        0.6904240250587463,
        0.6000891923904419,
        0.5833447575569153
    ],
    [
        0.5057035088539124,
        0.7680010199546814,
        0.5978007316589355,
        0.6907304525375366,
        0.44234564900398254,
        0.7318892478942871,
        0.6293902397155762,
        0.6646357774734497,
        0.517993688583374,
        0.9999998807907104,
        0.68353670835495,
        0.7106196880340576,
        0.6637681126594543,
        0.47353506088256836,
        0.6421540379524231,
        0.7096343040466309,
        0.698398232460022,
        0.6922199130058289,
        0.6497384905815125,
        0.6512741446495056,
        0.7327865362167358,
        0.7346225380897522,
        0.5446014404296875,
        0.7231486439704895,
        0.5728815197944641,
        0.591708779335022,
        0.7504870891571045,
        0.8221855163574219,
        0.7231486439704895,
        0.5728815197944641,
        0.591708779335022,
        0.7504870891571045,
        0.8221855163574219,
        0.8169676065444946,
        0.6512741446495056,
        0.7027937173843384,
        0.6646716594696045,
        0.5849931240081787,
        0.6958799362182617,
        0.5993663668632507,
        0.6083822250366211,
        0.6461145877838135,
        0.8281270265579224,
        0.6702797412872314,
        0.8118521571159363,
        0.7813363671302795,
        0.6668067574501038,
        0.7069202065467834,
        0.6680161356925964,
        0.7290672063827515
    ],
    [
        0.5878491997718811,
        0.7496459484100342,
        0.5607464909553528,
        0.7136573195457458,
        0.5039114952087402,
        0.6189057230949402,
        0.7397675514221191,
        0.7211683988571167,
        0.6260668039321899,
        0.68353670835495,
        1.0,
        0.7948479652404785,
        0.634506106376648,
        0.5691073536872864,
        0.7224857807159424,
        0.6122568845748901,
        0.7224326729774475,
        0.7013935446739197,
        0.7200616598129272,
        0.6394663453102112,
        0.7171580791473389,
        0.6984513998031616,
        0.5817908644676208,
        0.6957307457923889,
        0.6506025791168213,
        0.5920126438140869,
        0.7418191432952881,
        0.6342312693595886,
        0.6957307457923889,
        0.6506025791168213,
        0.5920126438140869,
        0.7418191432952881,
        0.6342312693595886,
        0.7384270429611206,
        0.6394663453102112,
        0.7389326095581055,
        0.6528484225273132,
        0.47971510887145996,
        0.6293363571166992,
        0.6126494407653809,
        0.6536942720413208,
        0.5998375415802002,
        0.7751116752624512,
        0.6360740065574646,
        0.6436590552330017,
        0.7378838062286377,
        0.6818992495536804,
        0.7778322696685791,
        0.6211103796958923,
        0.699988842010498
    ],
    [
        0.598076581954956,
        0.8309640884399414,
        0.6356757283210754,
        0.796122670173645,
        0.587189793586731,
        0.7624468803405762,
        0.8008880019187927,
        0.8022458553314209,
        0.6308708190917969,
        0.7106196880340576,
        0.7948479652404785,
        1.0,
        0.7024401426315308,
        0.6548269391059875,
        0.7563104629516602,
        0.7130228877067566,
        0.7276896238327026,
        0.7854392528533936,
        0.8001006245613098,
        0.705672562122345,
        0.7994194030761719,
        0.8064894080162048,
        0.5964224338531494,
        0.8092619180679321,
        0.6650734543800354,
        0.6031342148780823,
        0.7866864800453186,
        0.7446269989013672,
        0.8092619180679321,
        0.6650734543800354,
        0.6031342148780823,
        0.7866864800453186,
        0.7446269989013672,
        0.8243039846420288,
        0.705672562122345,
        0.808898389339447,
        0.7089039087295532,
        0.5672575235366821,
        0.6975874900817871,
        0.692547619342804,
        0.7803215384483337,
        0.716028094291687,
        0.8075869083404541,
        0.6696673631668091,
        0.7070671319961548,
        0.8127917051315308,
        0.809889018535614,
        0.8452986478805542,
        0.6745995879173279,
        0.7276102900505066
    ],
    [
        0.5739879608154297,
        0.6850206255912781,
        0.49306732416152954,
        0.672619104385376,
        0.5729256272315979,
        0.6723694205284119,
        0.5825982093811035,
        0.6603604555130005,
        0.5398910045623779,
        0.6637681126594543,
        0.634506106376648,
        0.7024401426315308,
        1.000000238418579,
        0.5535862445831299,
        0.6699649691581726,
        0.6550964117050171,
        0.6883844137191772,
        0.660559892654419,
        0.6997549533843994,
        0.7143715023994446,
        0.7197018265724182,
        0.7322137355804443,
        0.5630928874015808,
        0.6685739159584045,
        0.635682225227356,
        0.6385403871536255,
        0.6404241919517517,
        0.7366474866867065,
        0.6685739159584045,
        0.635682225227356,
        0.6385403871536255,
        0.6404241919517517,
        0.7366474866867065,
        0.6957260370254517,
        0.7143715023994446,
        0.6944148540496826,
        0.6457679271697998,
        0.5199425220489502,
        0.663050651550293,
        0.6857324838638306,
        0.6467893719673157,
        0.6722468733787537,
        0.6935075521469116,
        0.5181599259376526,
        0.6832795739173889,
        0.7525082230567932,
        0.6806075572967529,
        0.6994796991348267,
        0.6520441770553589,
        0.665776252746582
    ],
    [
        0.5729602575302124,
        0.5877474546432495,
        0.4687214493751526,
        0.5873150825500488,
        0.5346501469612122,
        0.5549378991127014,
        0.5974778532981873,
        0.5784655213356018,
        0.6123062372207642,
        0.47353506088256836,
        0.5691073536872864,
        0.6548269391059875,
        0.5535862445831299,
        1.0000001192092896,
        0.5664246082305908,
        0.5875211358070374,
        0.5926373600959778,
        0.5566719770431519,
        0.5961755514144897,
        0.6146079301834106,
        0.5779314041137695,
        0.6440344452857971,
        0.6595266461372375,
        0.5575785040855408,
        0.5436630249023438,
        0.46352657675743103,
        0.5684227347373962,
        0.5306318402290344,
        0.5575785040855408,
        0.5436630249023438,
        0.46352657675743103,
        0.5684227347373962,
        0.5306318402290344,
        0.5340000987052917,
        0.6146079301834106,
        0.5927117466926575,
        0.5237288475036621,
        0.48206567764282227,
        0.5497488975524902,
        0.5186206698417664,
        0.6953743100166321,
        0.476703405380249,
        0.5906268954277039,
        0.4757039546966553,
        0.5163730978965759,
        0.5843822360038757,
        0.5137629508972168,
        0.660240888595581,
        0.5231971144676208,
        0.5172433853149414
    ],
    [
        0.5334163904190063,
        0.7152961492538452,
        0.4662112593650818,
        0.6581929326057434,
        0.4815942645072937,
        0.6526802778244019,
        0.6715919375419617,
        0.643136203289032,
        0.5612891912460327,
        0.6421540379524231,
        0.7224857807159424,
        0.7563104629516602,
        0.6699649691581726,
        0.5664246082305908,
        1.0000001192092896,
        0.686336874961853,
        0.6806842088699341,
        0.6351405382156372,
        0.6706728339195251,
        0.6266116499900818,
        0.713943600654602,
        0.7452754974365234,
        0.5405727624893188,
        0.5981072187423706,
        0.5456744432449341,
        0.5769743323326111,
        0.586368203163147,
        0.6725828647613525,
        0.5981072187423706,
        0.5456744432449341,
        0.5769743323326111,
        0.586368203163147,
        0.6725828647613525,
        0.715381383895874,
        0.6266116499900818,
        0.7041956186294556,
        0.6283909678459167,
        0.5158941745758057,
        0.6031776070594788,
        0.5602792501449585,
        0.7238437533378601,
        0.5577709078788757,
        0.6942803859710693,
        0.49159541726112366,
        0.6646541953086853,
        0.7369379997253418,
        0.6924572587013245,
        0.6960679292678833,
        0.5737944841384888,
        0.6494061946868896
    ],
    [
        0.538112998008728,
        0.6935970187187195,
        0.6006761789321899,
        0.6482680439949036,
        0.48084336519241333,
        0.719032883644104,
        0.6651424765586853,
        0.6616632342338562,
        0.5401983857154846,
        0.7096343040466309,
        0.6122568845748901,
        0.7130228877067566,
        0.6550964117050171,
        0.5875211358070374,
        0.686336874961853,
        1.0,
        0.6798791885375977,
        0.718401312828064,
        0.6696537733078003,
        0.693498432636261,
        0.715296745300293,
        0.7040814161300659,
        0.5212977528572083,
        0.643103837966919,
        0.5541090965270996,
        0.611659049987793,
        0.6675663590431213,
        0.7521648406982422,
        0.643103837966919,
        0.5541090965270996,
        0.611659049987793,
        0.6675663590431213,
        0.7521648406982422,
        0.749077320098877,
        0.693498432636261,
        0.672600269317627,
        0.5918489694595337,
        0.6215646266937256,
        0.6217649579048157,
        0.5737341642379761,
        0.6825459599494934,
        0.6230688095092773,
        0.6980749368667603,
        0.6022149324417114,
        0.8034840822219849,
        0.7157142162322998,
        0.6414502859115601,
        0.7480272054672241,
        0.6588103771209717,
        0.707509458065033
    ],
    [
        0.604594349861145,
        0.7503637671470642,
        0.5781470537185669,
        0.760810375213623,
        0.5062728524208069,
        0.6793524622917175,
        0.6896121501922607,
        0.6466971039772034,
        0.6053900122642517,
        0.698398232460022,
        0.7224326729774475,
        0.7276896238327026,
        0.6883844137191772,
        0.5926373600959778,
        0.6806842088699341,
        0.6798791885375977,
        1.0,
        0.7234205603599548,
        0.7074317336082458,
        0.6977659463882446,
        0.7068277597427368,
        0.7107857465744019,
        0.6381890773773193,
        0.7241412997245789,
        0.673062801361084,
        0.625002384185791,
        0.7319584488868713,
        0.6809072494506836,
        0.7241412997245789,
        0.673062801361084,
        0.625002384185791,
        0.7319584488868713,
        0.6809072494506836,
        0.7832021713256836,
        0.6977659463882446,
        0.7150552272796631,
        0.6339278817176819,
        0.6181163191795349,
        0.6565120220184326,
        0.5630748867988586,
        0.696426510810852,
        0.6732444167137146,
        0.7593482732772827,
        0.5934351682662964,
        0.6916511654853821,
        0.6863077878952026,
        0.6898433566093445,
        0.7780746221542358,
        0.5972630381584167,
        0.7242098450660706
    ],
    [
        0.6726528406143188,
        0.824485182762146,
        0.8051873445510864,
        0.7227309942245483,
        0.5438682436943054,
        0.7855310440063477,
        0.6956263780593872,
        0.7265579104423523,
        0.6408244967460632,
        0.6922199130058289,
        0.7013935446739197,
        0.7854392528533936,
        0.660559892654419,
        0.5566719770431519,
        0.6351405382156372,
        0.718401312828064,
        0.7234205603599548,
        0.9999998807907104,
        0.8351701498031616,
        0.8055621385574341,
        0.7866077423095703,
        0.763311505317688,
        0.6609429717063904,
        0.7698261141777039,
        0.7221875786781311,
        0.6194227337837219,
        0.7864935994148254,
        0.8162664771080017,
        0.7698261141777039,
        0.7221875786781311,
        0.6194227337837219,
        0.7864935994148254,
        0.8162664771080017,
        0.809789776802063,
        0.8055621385574341,
        0.7764017581939697,
        0.6140519380569458,
        0.6284202933311462,
        0.6928549408912659,
        0.6922054886817932,
        0.7646649479866028,
        0.6726877689361572,
        0.8102281093597412,
        0.806668758392334,
        0.7216101288795471,
        0.7003231644630432,
        0.7332159280776978,
        0.831172525882721,
        0.7719773054122925,
        0.8562450408935547
    ],
    [
        0.5903124809265137,
        0.8030168414115906,
        0.7453606128692627,
        0.7455476522445679,
        0.5110297203063965,
        0.7340792417526245,
        0.6905956268310547,
        0.7423657178878784,
        0.5981913805007935,
        0.6497384905815125,
        0.7200616598129272,
        0.8001006245613098,
        0.6997549533843994,
        0.5961755514144897,
        0.6706728339195251,
        0.6696537733078003,
        0.7074317336082458,
        0.8351701498031616,
        1.0,
        0.7505230903625488,
        0.7053135633468628,
        0.787203311920166,
        0.6308345198631287,
        0.765364408493042,
        0.6924191117286682,
        0.5842849612236023,
        0.7908856868743896,
        0.7369161248207092,
        0.765364408493042,
        0.6924191117286682,
        0.5842849612236023,
        0.7908856868743896,
        0.7369161248207092,
        0.7748699188232422,
        0.7505230903625488,
        0.7343183755874634,
        0.6188009977340698,
        0.5643487572669983,
        0.6758297085762024,
        0.6961874961853027,
        0.737811267375946,
        0.6805116534233093,
        0.7910116910934448,
        0.7423222064971924,
        0.6929157972335815,
        0.7385995984077454,
        0.6875165104866028,
        0.8146065473556519,
        0.7119946479797363,
        0.799660325050354
    ],
    [
        0.7524710893630981,
        0.734404981136322,
        0.7191678285598755,
        0.6905394792556763,
        0.6423393487930298,
        0.7198763489723206,
        0.6677911281585693,
        0.7133405208587646,
        0.6919866800308228,
        0.6512741446495056,
        0.6394663453102112,
        0.705672562122345,
        0.7143715023994446,
        0.6146079301834106,
        0.6266116499900818,
        0.693498432636261,
        0.6977659463882446,
        0.8055621385574341,
        0.7505230903625488,
        1.0000001192092896,
        0.7331816554069519,
        0.6866609454154968,
        0.7007555961608887,
        0.766672670841217,
        0.7546778917312622,
        0.6595875024795532,
        0.7066217064857483,
        0.7378086447715759,
        0.766672670841217,
        0.7546778917312622,
        0.6595875024795532,
        0.7066217064857483,
        0.7378086447715759,
        0.7106810808181763,
        1.0000001192092896,
        0.7546020150184631,
        0.612591564655304,
        0.6561943888664246,
        0.6752669215202332,
        0.7230190634727478,
        0.785755455493927,
        0.6987444758415222,
        0.7066251039505005,
        0.7367895841598511,
        0.7068853974342346,
        0.6861955523490906,
        0.6625349521636963,
        0.7970423698425293,
        0.7693771719932556,
        0.7489000558853149
    ],
    [
        0.640987753868103,
        0.8138203620910645,
        0.5991840958595276,
        0.7424695491790771,
        0.5942952036857605,
        0.779438853263855,
        0.7023476958274841,
        0.7351968288421631,
        0.6454036831855774,
        0.7327865362167358,
        0.7171580791473389,
        0.7994194030761719,
        0.7197018265724182,
        0.5779314041137695,
        0.713943600654602,
        0.715296745300293,
        0.7068277597427368,
        0.7866077423095703,
        0.7053135633468628,
        0.7331816554069519,
        1.0,
        0.7921985387802124,
        0.6047413349151611,
        0.7358968257904053,
        0.6537173390388489,
        0.6892272233963013,
        0.7133827805519104,
        0.8314728140830994,
        0.7358968257904053,
        0.6537173390388489,
        0.6892272233963013,
        0.7133827805519104,
        0.8314728140830994,
        0.82023686170578,
        0.7331816554069519,
        0.8219921588897705,
        0.7158847451210022,
        0.6023041605949402,
        0.7352105975151062,
        0.7165263295173645,
        0.7256332039833069,
        0.6884213089942932,
        0.7980136871337891,
        0.6013266444206238,
        0.753821611404419,
        0.7939171195030212,
        0.6930130124092102,
        0.8007773160934448,
        0.6912569403648376,
        0.7419087886810303
    ],
    [
        0.5526699423789978,
        0.7729945182800293,
        0.6511690616607666,
        0.769482433795929,
        0.4868532121181488,
        0.7671844959259033,
        0.7013871669769287,
        0.749100923538208,
        0.6457703113555908,
        0.7346225380897522,
        0.6984513998031616,
        0.8064894080162048,
        0.7322137355804443,
        0.6440344452857971,
        0.7452754974365234,
        0.7040814161300659,
        0.7107857465744019,
        0.763311505317688,
        0.787203311920166,
        0.6866609454154968,
        0.7921985387802124,
        0.9999999403953552,
        0.5377568006515503,
        0.6946150064468384,
        0.6163733601570129,
        0.6380260586738586,
        0.7356088757514954,
        0.8424590826034546,
        0.6946150064468384,
        0.6163733601570129,
        0.6380260586738586,
        0.7356088757514954,
        0.8424590826034546,
        0.816882848739624,
        0.6866609454154968,
        0.7069091796875,
        0.6861370801925659,
        0.602001428604126,
        0.6855859160423279,
        0.6641473174095154,
        0.7339005470275879,
        0.6866413354873657,
        0.8467134237289429,
        0.6502804160118103,
        0.7789638042449951,
        0.7861394286155701,
        0.6434242725372314,
        0.7834572196006775,
        0.6792137622833252,
        0.7835968732833862
    ],
    [
        0.7285149693489075,
        0.6416721343994141,
        0.5845105648040771,
        0.5447229146957397,
        0.6302267909049988,
        0.5576930046081543,
        0.6351161003112793,
        0.582294762134552,
        0.669950008392334,
        0.5446014404296875,
        0.5817908644676208,
        0.5964224338531494,
        0.5630928874015808,
        0.6595266461372375,
        0.5405727624893188,
        0.5212977528572083,
        0.6381890773773193,
        0.6609429717063904,
        0.6308345198631287,
        0.7007555961608887,
        0.6047413349151611,
        0.5377568006515503,
        0.9999998807907104,
        0.6489410400390625,
        0.6926558613777161,
        0.5588112473487854,
        0.6703701019287109,
        0.5585161447525024,
        0.6489410400390625,
        0.6926558613777161,
        0.5588112473487854,
        0.6703701019287109,
        0.5585161447525024,
        0.5683597922325134,
        0.7007555961608887,
        0.7183783054351807,
        0.5299948453903198,
        0.49672600626945496,
        0.6177598834037781,
        0.5951192378997803,
        0.7149524092674255,
        0.5119818449020386,
        0.639043390750885,
        0.611810028553009,
        0.5729172229766846,
        0.5830336809158325,
        0.5667446851730347,
        0.6975534558296204,
        0.5992832779884338,
        0.599818766117096
    ],
    [
        0.6707863807678223,
        0.8169878125190735,
        0.7428722977638245,
        0.7690932750701904,
        0.5906363129615784,
        0.7945093512535095,
        0.7333695888519287,
        0.7674159407615662,
        0.6083369255065918,
        0.7231486439704895,
        0.6957307457923889,
        0.8092619180679321,
        0.6685739159584045,
        0.5575785040855408,
        0.5981072187423706,
        0.643103837966919,
        0.7241412997245789,
        0.7698261141777039,
        0.765364408493042,
        0.766672670841217,
        0.7358968257904053,
        0.6946150064468384,
        0.6489410400390625,
        0.9999998807907104,
        0.7086547613143921,
        0.637728214263916,
        0.8191011548042297,
        0.7158276438713074,
        0.9999998807907104,
        0.7086547613143921,
        0.637728214263916,
        0.8191011548042297,
        0.7158276438713074,
        0.8096644878387451,
        0.766672670841217,
        0.794320285320282,
        0.6581240892410278,
        0.6339582800865173,
        0.71873539686203,
        0.7653796076774597,
        0.7383747100830078,
        0.7282100915908813,
        0.7781354188919067,
        0.768683910369873,
        0.7088306546211243,
        0.7928555607795715,
        0.7769655585289001,
        0.8268394470214844,
        0.7695620656013489,
        0.7721566557884216
    ],
    [
        0.7811757922172546,
        0.6872174143791199,
        0.6416375637054443,
        0.6218710541725159,
        0.6722893714904785,
        0.635959804058075,
        0.6650232672691345,
        0.6297077536582947,
        0.7050604820251465,
        0.5728815197944641,
        0.6506025791168213,
        0.6650734543800354,
        0.635682225227356,
        0.5436630249023438,
        0.5456744432449341,
        0.5541090965270996,
        0.673062801361084,
        0.7221875786781311,
        0.6924191117286682,
        0.7546778917312622,
        0.6537173390388489,
        0.6163733601570129,
        0.6926558613777161,
        0.7086547613143921,
        0.9999999403953552,
        0.6103300452232361,
        0.6913318037986755,
        0.643895149230957,
        0.7086547613143921,
        0.9999999403953552,
        0.6103300452232361,
        0.6913318037986755,
        0.643895149230957,
        0.6658143401145935,
        0.7546778917312622,
        0.7639038562774658,
        0.554573118686676,
        0.5871348977088928,
        0.5949887037277222,
        0.6442687511444092,
        0.7196245193481445,
        0.5974366068840027,
        0.6544833779335022,
        0.6614581346511841,
        0.5821742415428162,
        0.64847731590271,
        0.6393083333969116,
        0.7418426275253296,
        0.6235173940658569,
        0.6451349258422852
    ],
    [
        0.6582232713699341,
        0.6479689478874207,
        0.5152206420898438,
        0.6060632467269897,
        0.5052079558372498,
        0.619553804397583,
        0.6057292222976685,
        0.6497765779495239,
        0.6121810674667358,
        0.591708779335022,
        0.5920126438140869,
        0.6031342148780823,
        0.6385403871536255,
        0.46352657675743103,
        0.5769743323326111,
        0.611659049987793,
        0.625002384185791,
        0.6194227337837219,
        0.5842849612236023,
        0.6595875024795532,
        0.6892272233963013,
        0.6380260586738586,
        0.5588112473487854,
        0.637728214263916,
        0.6103300452232361,
        0.9999998807907104,
        0.6550211906433105,
        0.681627094745636,
        0.637728214263916,
        0.6103300452232361,
        0.9999998807907104,
        0.6550211906433105,
        0.681627094745636,
        0.6728934049606323,
        0.6595875024795532,
        0.7010573744773865,
        0.5885564088821411,
        0.5534792542457581,
        0.5992032885551453,
        0.5973472595214844,
        0.6289095878601074,
        0.5850306153297424,
        0.601966381072998,
        0.5119867324829102,
        0.6419774889945984,
        0.7080234289169312,
        0.6051422953605652,
        0.6801819205284119,
        0.5483523607254028,
        0.6141979694366455
    ],
    [
        0.6260865926742554,
        0.7974987030029297,
        0.7624084949493408,
        0.759320855140686,
        0.5069159269332886,
        0.7752206325531006,
        0.7643364071846008,
        0.7444635629653931,
        0.6506155133247375,
        0.7504870891571045,
        0.7418191432952881,
        0.7866864800453186,
        0.6404241919517517,
        0.5684227347373962,
        0.586368203163147,
        0.6675663590431213,
        0.7319584488868713,
        0.7864935994148254,
        0.7908856868743896,
        0.7066217064857483,
        0.7133827805519104,
        0.7356088757514954,
        0.6703701019287109,
        0.8191011548042297,
        0.6913318037986755,
        0.6550211906433105,
        1.0000001192092896,
        0.7433809041976929,
        0.8191011548042297,
        0.6913318037986755,
        0.6550211906433105,
        1.0000001192092896,
        0.7433809041976929,
        0.8211645483970642,
        0.7066217064857483,
        0.751091480255127,
        0.6234755516052246,
        0.590747058391571,
        0.6969195604324341,
        0.6806626915931702,
        0.6800646185874939,
        0.6960129141807556,
        0.8082768321037292,
        0.8030942678451538,
        0.7448424696922302,
        0.7478944659233093,
        0.7043710350990295,
        0.8249802589416504,
        0.7380059957504272,
        0.795993983745575
    ],
    [
        0.6136184930801392,
        0.8042226433753967,
        0.6736952066421509,
        0.7008916139602661,
        0.5016650557518005,
        0.8219870924949646,
        0.6375933289527893,
        0.6834484338760376,
        0.6097006797790527,
        0.8221855163574219,
        0.6342312693595886,
        0.7446269989013672,
        0.7366474866867065,
        0.5306318402290344,
        0.6725828647613525,
        0.7521648406982422,
        0.6809072494506836,
        0.8162664771080017,
        0.7369161248207092,
        0.7378086447715759,
        0.8314728140830994,
        0.8424590826034546,
        0.5585161447525024,
        0.7158276438713074,
        0.643895149230957,
        0.681627094745636,
        0.7433809041976929,
        0.9999999403953552,
        0.7158276438713074,
        0.643895149230957,
        0.681627094745636,
        0.7433809041976929,
        0.9999999403953552,
        0.8476712107658386,
        0.7378086447715759,
        0.750973105430603,
        0.6412562131881714,
        0.6538025736808777,
        0.7070420980453491,
        0.6576863527297974,
        0.6953794956207275,
        0.6869698762893677,
        0.8067687749862671,
        0.666890561580658,
        0.8334036469459534,
        0.7938881516456604,
        0.6515148878097534,
        0.7818111181259155,
        0.7186555862426758,
        0.783087968826294
    ],
    [
        0.6707863807678223,
        0.8169878125190735,
        0.7428722977638245,
        0.7690932750701904,
        0.5906363129615784,
        0.7945093512535095,
        0.7333695888519287,
        0.7674159407615662,
        0.6083369255065918,
        0.7231486439704895,
        0.6957307457923889,
        0.8092619180679321,
        0.6685739159584045,
        0.5575785040855408,
        0.5981072187423706,
        0.643103837966919,
        0.7241412997245789,
        0.7698261141777039,
        0.765364408493042,
        0.766672670841217,
        0.7358968257904053,
        0.6946150064468384,
        0.6489410400390625,
        0.9999998807907104,
        0.7086547613143921,
        0.637728214263916,
        0.8191011548042297,
